 label              x             y    B02       Z_DEM  \
0     Holm_and_Cork_Trees  569774.999716  4.311685e+06   50.0  113.857140   
1     Holm_and_Cork_Trees  569644.999716  4.311855e+06    1.0  106.248817   
2     Holm_and_Cork_Trees  532434.999716  4.311975e+06   50.0   56.817665   
3     Holm_and_Cork_Trees  559644.999716  4.311925e+06   33.0  106.253296   
4     Holm_and_Cork_Trees  570064.999716  4.312035e+06   51.0  103.775368   
5     Holm_and_Cork_Trees  564734.999716  4.311985e+06   57.0  127.909134   
6     Holm_and_Cork_Trees  568484.999716  4.312065e+06    3.0  114.501465   
7     Holm_and_Cork_Trees  560564.999716  4.312165e+06  161.0  112.943710   
8     Holm_and_Cork_Trees  566974.999716  4.312395e+06   63.0  118.198433   
9     Holm_and_Cork_Trees  528514.999716  4.312475e+06   68.0   74.781738   
10    Holm_and_Cork_Trees  569444.999716  4.312585e+06   88.0   81.897049   
11    Holm_and_Cork_Trees  604434.999716  4.312545e+06    3.0  234.698700   
12    Holm_and_Cork_Trees  554204.999716  4.307245e+06  341.0   75.553276   
13    Holm_and_Cork_Trees  555044.999716  4.307325e+06   91.0   78.505463   
14    Holm_and_Cork_Trees  554294.999716  4.307445e+06   69.0   74.918022   
15    Holm_and_Cork_Trees  536364.999716  4.307375e+06   38.0   71.441315   
16    Holm_and_Cork_Trees  575504.999716  4.307535e+06   49.0  132.883301   
17    Holm_and_Cork_Trees  565384.999716  4.307465e+06  118.0  115.309044   
18    Holm_and_Cork_Trees  529154.999716  4.307735e+06   53.0   61.868011
